625.6979224308558,840.0363953188423,3,,,,1,4,5
654.3482360163946,762.965409123454,3,,,,0,2,6
588.8154871206373,713.7229978105047,3,,,,1,3,7
522.8513050924951,762.3839885251024,3,,,,2,4,8
550.8170610563018,839.704067668191,3,,,,3,0,9
700.0682428016828,955.8613067494281,3,,,,0,29,36
786.0191835582992,724.6483481632632,3,,,,1,15,27
589.4209368710273,576.9211142244153,3,,,,2,18,56
391.5283907866007,722.9040863682085,3,,,,3,52,59
475.42565867802057,954.8643237974742,3,,,,4,38,50
733.6625512410652,627.6724585084949,1,,,,11,14,15
743.1023995169269,601.8860471877431,1,,,,10,12,16
721.2983918107293,585.612511977309,1,,,,11,13,17
699.3530556790369,601.692974712282,1,,,,12,14,18
708.5630345103955,627.5604502123629,1,,,,13,10,19
758.591336754763,666.496741633793,1,,,,10,6,19
786.9108815823481,589.1375076715377,1,,,,11
721.4988584637554,540.3169020402358,1,,,,12
655.662850068678,588.5582902451545,1,,,,13,7,19
683.292786562754,666.1607167453972,1,,,,14,15,18,67
806.8682870969404,870.1664585310816,1,,,,21,24,25
816.3081353728021,844.3800472103298,1,,,,20,22,26
794.5041276666045,828.1065119998958,1,,,,21,23,27
772.5587915349121,844.1869747348687,1,,,,22,24,28
781.7687703662707,870.0544502349496,1,,,,23,20,29
831.7970726106382,908.9907416563798,1,,,,20
860.1166174382233,831.6315076941245,1,,,,21
794.7045943196306,782.8109020628226,1,,,,22,6,28
728.8685859245533,831.0522902677412,1,,,,23,27,29,72
756.4985224186292,908.6547167679839,1,,,,24,28,5
600.9771550022913,1025.7286472248163,1,,,,31,34,35
610.417003278153,999.9422359040647,1,,,,30,32,36
588.6129955719554,983.6687006936306,1,,,,31,33,37
566.6676594402629,999.7491634286035,1,,,,32,34,38
575.8776382716215,1025.6166389286843,1,,,,33,30,39
625.9059405159891,1064.5529303501146,1,,,,30
654.2254853435742,987.1936963878593,1,,,,31,5,37
588.8134622249814,938.3730907565574,1,,,,32,36,38,77
522.9774538299041,986.614478961476,1,,,,33,37,9
550.6073903239801,1064.2169054617186,1,,,,34
399.6613813986343,865.5911000400894,1,,,,41,44,50
409.10122967449604,839.8046887193376,1,,,,40,42,51
387.29722196829846,823.5311535089036,1,,,,41,43,52
365.351885836606,839.6116162438765,1,,,,42,44,53
374.5618646679647,865.4790917439574,1,,,,43,40,54
472.86711725450954,623.0971000175026,1,,,,46,49,55
482.30696553037126,597.3106886967508,1,,,,45,47,56
460.5029578241737,581.0371534863168,1,,,,46,48,57
438.55762169248123,597.1176162212897,1,,,,47,49,58
447.7676005238399,622.9850917213706,1,,,,48,45,59
424.5901669123321,904.4153831653875,1,,,,40,9,51
452.9097117399172,827.0561492031322,1,,,,41,50,52,82
387.49768862132447,778.2355435718304,1,,,,42,8,51
321.6616802262472,826.476931776749,1,,,,43
349.2916167203232,904.0793582769917,1,,,,44
497.7959027682073,661.9213831428008,1,,,,45,56,59,62
526.1154475957925,584.5621491805455,1,,,,46,7,55
460.7034244771997,535.7415435492436,1,,,,47
394.8674160821224,583.9829317541622,1,,,,48
422.4973525761984,661.5853582544049,1,,,,49,55,8
546.2120260329474,702.8695961341804,1,,,,61
537.8402974860193,676.7168925375953,1,,,,60,62
510.63810258369574,677.2491451027925,1,,,,61,63,55
503.1797162131169,703.4130808245255,1,,,,62,64
526.3260788530001,718.1845362492417,1,,,,63
655.3213962614186,722.7647382974712,1,,,,66
678.439624375877,707.9459234621967,1,,,,65,67
670.9263271315533,681.7964862824867,1,,,,66,68,19
643.7242500507019,681.3210263039035,1,,,,67,69
635.4055253191216,707.488731928615,1,,,,68
661.9665883401948,818.6385597880828,1,,,,71
682.5027040912557,836.868142727177,1,,,,70,72
705.6321742976663,822.5408851993764,1,,,,71,73,28
698.708279872751,796.2304548399838,1,,,,72,74
671.2650732235011,795.3246912792641,1,,,,73
576.0483694885934,872.5204018247131,1,,,,76
566.6085212127317,898.3068131454648,1,,,,75,77
588.4125289189293,914.5803483558989,1,,,,76,78,37
610.3578650506217,898.499885620926,1,,,,77,79
601.1478862192631,872.6324101208451,1,,,,78
511.9597797996678,796.5854419009493,1,,,,81
484.5431405900081,795.0434825235229,1,,,,80,82
475.30531929472244,820.6346012566601,1,,,,81,83,51
497.06733851590184,836.9622948819348,1,,,,82,84
519.1438736443877,820.6351213499945,1,,,,83