162.54534047385476,253.1493688606425,3,,,,1,4,5
287.78279953610956,-83.746576439044,3,,,,0,2,6
1.3232837417700336,-298.9970815520137,3,,,,1,3,7
-287.0221307563946,-86.28810667977285,3,,,,2,4,8
-164.77703884123832,251.696684218311,3,,,,3,0,9
487.6360214215643,759.4481065819275,3,,,,0,29,36
863.3483986083287,-251.239729317132,3,,,,1,15,27
3.9698512253101006,-896.9912446560411,3,,,,2,18,56
-861.0663922691838,-258.86432003931856,3,,,,3,52,59
-494.33111652371497,755.090052654933,3,,,,4,38,50
634.4848793002268,-675.1448281009368,1,,,,11,14,15
675.7487422060364,-787.8634767992588,1,,,,10,12,16
580.4381441441599,-858.999040241873,1,,,,11,13,17
484.5097653082824,-788.7074433467598,1,,,,12,14,18
524.7688132036153,-675.6344434889002,1,,,,13,10,19
743.4546379006804,-505.43448430281035,1,,,,10,6,19
867.2462266181092,-843.5904303977765,1,,,,11
581.3144324324796,-1056.997120725619,1,,,,12
293.52929592484713,-846.1223300402794,1,,,,13,7,19
414.30643961084604,-506.90333046670065,1,,,,14,15,18,67
954.4848793002268,384.85517189906324,1,,,,21,24,25
995.7487422060364,272.1365232007412,1,,,,20,22,26
900.4381441441599,201.00095975812695,1,,,,21,23,27
804.5097653082823,271.29255665324024,1,,,,22,24,28
844.7688132036153,384.3655565110998,1,,,,23,20,29
1063.4546379006804,554.5655156971897,1,,,,20
1187.2462266181092,216.4095696022235,1,,,,21
901.3144324324796,3.0028792743809163,1,,,,22,6,28
613.5292959248471,213.87766995972066,1,,,,23,27,29,72
734.306439610846,553.0966695332993,1,,,,24,28,5
54.484879300226815,1064.8551718990632,1,,,,31,34,35
95.74874220603638,952.1365232007412,1,,,,30,32,36
0.43814414415987657,881.000959758127,1,,,,31,33,37
-95.49023469171762,951.2925566532402,1,,,,32,34,38
-55.231186796384655,1064.3655565110998,1,,,,33,30,39
163.45463790068044,1234.5655156971898,1,,,,30
287.2462266181092,896.4095696022235,1,,,,31,5,37
1.3144324324796297,683.0028792743809,1,,,,32,36,38,77
-286.47070407515287,893.8776699597206,1,,,,33,37,9
-165.69356038915396,1233.0966695332993,1,,,,34
-825.5151206997732,364.85517189906324,1,,,,41,44,50
-784.2512577939636,252.13652320074118,1,,,,40,42,51
-879.5618558558401,181.00095975812695,1,,,,41,43,52
-975.4902346917177,251.2925566532402,1,,,,42,44,53
-935.2311867963847,364.3655565110998,1,,,,43,40,54
-505.5151206997732,-695.1448281009368,1,,,,46,49,55
-464.25125779396365,-807.8634767992588,1,,,,45,47,56
-559.5618558558401,-878.999040241873,1,,,,46,48,57
-655.4902346917177,-808.7074433467598,1,,,,47,49,58
-615.2311867963847,-695.6344434889002,1,,,,48,45,59
-716.5453620993196,534.5655156971897,1,,,,40,9,51
-592.7537733818908,196.4095696022235,1,,,,41,50,52,82
-878.6855675675204,-16.997120725619084,1,,,,42,8,51
-1166.4707040751528,193.87766995972066,1,,,,43
-1045.6935603891538,533.0966695332993,1,,,,44
-396.54536209931956,-525.4344843028103,1,,,,45,56,59,62
-272.7537733818908,-863.5904303977765,1,,,,46,7,55
-558.6855675675204,-1076.997120725619,1,,,,47
-846.4707040751529,-866.1223300402794,1,,,,48
-725.693560389154,-526.9033304667007,1,,,,49,55,8
-184.9067621510972,-346.43992869805567,1,,,,61
-221.5016150502093,-460.75972964075123,1,,,,60,62
-340.408996650485,-458.43312478019203,1,,,,61,63,55
-373.011409708446,-344.06422549833826,1,,,,62,64
-271.83305314708366,-279.49461656475364,1,,,,63
292.0367186418583,-259.4734442030817,1,,,,66
393.0920923791189,-324.2500725894662,1,,,,65,67
360.2496505939977,-438.55559523295744,1,,,,66,68,19
241.3427840199101,-440.6339459437018,1,,,,67,69
204.97962363386418,-326.2485675029547,1,,,,68
321.08446251530086,159.6142477422138,1,,,,71
410.85279778997574,239.3001695119891,1,,,,70,72
511.9573134337099,176.67225715929544,1,,,,71,73,28
481.6912941106473,61.66299433894379,1,,,,72,74
361.7303917976196,57.70368246205797,1,,,,73
-54.48487930022682,395.14482810093676,1,,,,76
-95.74874220603638,507.8634767992588,1,,,,75,77
-0.43814414415986447,578.999040241873,1,,,,76,78,37
95.49023469171762,508.70744334675976,1,,,,77,79
55.23118679638465,395.6344434889002,1,,,,78
-334.63162546274464,63.21472875129352,1,,,,81
-454.47639506336316,56.47445088907921,1,,,,80,82
-494.8571491112599,168.33942839202263,1,,,,81,83,51
-399.7300928859448,239.7117313817011,1,,,,82,84
-303.22821146201136,168.3417018459408,1,,,,83