804.5453404738548,863.6493688606425,3,,,,1,4,5
929.7827995361096,526.753423560956,3,,,,0,2,6
643.3232837417701,311.5029184479863,3,,,,1,3,7
354.9778692436054,524.2118933202271,3,,,,2,4,8
477.2229611587617,862.196684218311,3,,,,3,0,9
1129.6360214215642,1369.9481065819275,3,,,,0,29,36
1505.3483986083288,359.260270682868,3,,,,1,15,27
645.9698512253101,-286.4912446560411,3,,,,2,18,56
-219.06639226918378,351.63567996068144,3,,,,3,52,59
147.66888347628503,1365.590052654933,3,,,,4,38,50
1276.4848793002268,-64.64482810093678,1,,,,11,14,15
1317.7487422060365,-177.36347679925882,1,,,,10,12,16
1222.4381441441599,-248.49904024187305,1,,,,11,13,17
1126.5097653082823,-178.2074433467598,1,,,,12,14,18
1166.7688132036153,-65.13444348890022,1,,,,13,10,19
1385.4546379006804,105.06551569718965,1,,,,10,6,19
1509.2462266181092,-233.0904303977765,1,,,,11
1223.3144324324796,-446.4971207256191,1,,,,12
935.5292959248471,-235.62233004027934,1,,,,13,7,19
1056.3064396108462,103.59666953329935,1,,,,14,15,18,67
1596.4848793002268,995.3551718990632,1,,,,21,24,25
1637.7487422060365,882.6365232007412,1,,,,20,22,26
1542.4381441441599,811.500959758127,1,,,,21,23,27
1446.5097653082823,881.7925566532402,1,,,,22,24,28
1486.7688132036153,994.8655565110998,1,,,,23,20,29
1705.4546379006804,1165.0655156971898,1,,,,20
1829.2462266181092,826.9095696022235,1,,,,21
1543.3144324324796,613.5028792743809,1,,,,22,6,28
1255.5292959248472,824.3776699597206,1,,,,23,27,29,72
1376.3064396108462,1163.5966695332993,1,,,,24,28,5
696.4848793002268,1675.3551718990632,1,,,,31,34,35
737.7487422060364,1562.636523200741,1,,,,30,32,36
642.4381441441599,1491.500959758127,1,,,,31,33,37
546.5097653082823,1561.7925566532401,1,,,,32,34,38
586.7688132036153,1674.8655565110998,1,,,,33,30,39
805.4546379006804,1845.0655156971898,1,,,,30
929.2462266181092,1506.9095696022234,1,,,,31,5,37
643.3144324324796,1293.502879274381,1,,,,32,36,38,77
355.52929592484713,1504.3776699597206,1,,,,33,37,9
476.30643961084604,1843.5966695332993,1,,,,34
-183.51512069977318,975.3551718990632,1,,,,41,44,50
-142.25125779396362,862.6365232007412,1,,,,40,42,51
-237.56185585584012,791.500959758127,1,,,,41,43,52
-333.4902346917176,861.7925566532402,1,,,,42,44,53
-293.23118679638463,974.8655565110998,1,,,,43,40,54
136.48487930022682,-84.64482810093678,1,,,,46,49,55
177.74874220603638,-197.36347679925882,1,,,,45,47,56
82.43814414415988,-268.49904024187305,1,,,,46,48,57
-13.490234691717617,-198.2074433467598,1,,,,47,49,58
26.768813203615345,-85.13444348890022,1,,,,48,45,59
-74.54536209931956,1145.0655156971898,1,,,,40,9,51
49.246226618109176,806.9095696022235,1,,,,41,50,52,82
-236.68556756752037,593.5028792743809,1,,,,42,8,51
-524.4707040751529,804.3776699597206,1,,,,43
-403.69356038915396,1143.5966695332993,1,,,,44
245.45463790068044,85.06551569718965,1,,,,45,56,59,62
369.2462266181092,-253.0904303977765,1,,,,46,7,55
83.31443243247963,-466.4971207256191,1,,,,47
-204.47070407515287,-255.62233004027934,1,,,,48
-83.69356038915396,83.59666953329935,1,,,,49,55,8
457.0932378489028,264.06007130194433,1,,,,61
420.4983849497907,149.74027035924877,1,,,,60,62
301.591003349515,152.06687521980797,1,,,,61,63,55
268.988590291554,266.43577450166174,1,,,,62,64
370.16694685291634,331.00538343524636,1,,,,63
934.0367186418582,351.0265557969183,1,,,,66
1035.0920923791189,286.2499274105338,1,,,,65,67
1002.2496505939977,171.94440476704256,1,,,,66,68,19
883.3427840199101,169.8660540562982,1,,,,67,69
846.9796236338642,284.2514324970453,1,,,,68
963.0844625153009,770.1142477422138,1,,,,71
1052.8527977899757,849.8001695119891,1,,,,70,72
1153.95731343371,787.1722571592954,1,,,,71,73,28
1123.6912941106473,672.1629943389438,1,,,,72,74
1003.7303917976195,668.2036824620579,1,,,,73
587.5151206997732,1005.6448281009368,1,,,,76
546.2512577939636,1118.363476799259,1,,,,75,77
641.5618558558401,1189.499040241873,1,,,,76,78,37
737.4902346917177,1119.2074433467599,1,,,,77,79
697.2311867963847,1006.1344434889002,1,,,,78
307.36837453725536,673.7147287512935,1,,,,81
187.52360493663684,666.9744508890792,1,,,,80,82
147.14285088874007,778.8394283920227,1,,,,81,83,51
242.26990711405514,850.2117313817012,1,,,,82,84
338.77178853798864,778.8417018459409,1,,,,83