162.54534047385476,253.1493688606425,3,,,,1,4,5
287.78279953610956,-83.746576439044,3,,,,0,2,6
1.3232837417700336,-298.9970815520137,3,,,,1,3,7
-287.0221307563946,-86.28810667977285,3,,,,2,4,8
-164.77703884123832,251.696684218311,3,,,,3,0,9
487.6360214215643,759.4481065819275,3,,,,0,29,36
863.3483986083287,-251.239729317132,3,,,,1,15,27
3.9698512253101006,-896.9912446560411,3,,,,2,18,56
-861.0663922691838,-258.86432003931856,3,,,,3,52,59
-494.33111652371497,755.090052654933,3,,,,4,38,50
54.484879300226815,84.85517189906322,1,,,,11,14,15
95.74874220603638,-27.86347679925883,1,,,,10,12,16
0.43814414415987657,-98.99904024187303,1,,,,11,13,17
-95.49023469171762,-28.707443346759785,1,,,,12,14,18
-55.231186796384655,84.36555651109978,1,,,,13,10,19
163.45463790068044,254.56551569718965,1,,,,10,6,19
287.2462266181092,-83.59043039777649,1,,,,11
1.3144324324796297,-296.9971207256191,1,,,,12
-286.47070407515287,-86.12233004027935,1,,,,13,7,19
-165.69356038915396,253.09666953329935,1,,,,14,15,18,67
54.484879300226815,84.85517189906322,1,,,,21,24,25
95.74874220603638,-27.86347679925883,1,,,,20,22,26
0.43814414415987657,-98.99904024187303,1,,,,21,23,27
-95.49023469171762,-28.707443346759785,1,,,,22,24,28
-55.231186796384655,84.36555651109978,1,,,,23,20,29
163.45463790068044,254.56551569718965,1,,,,20
287.2462266181092,-83.59043039777649,1,,,,21
1.3144324324796297,-296.9971207256191,1,,,,22,6,28
-286.47070407515287,-86.12233004027935,1,,,,23,27,29,72
-165.69356038915396,253.09666953329935,1,,,,24,28,5
54.484879300226815,84.85517189906322,1,,,,31,34,35
95.74874220603638,-27.86347679925883,1,,,,30,32,36
0.43814414415987657,-98.99904024187303,1,,,,31,33,37
-95.49023469171762,-28.707443346759785,1,,,,32,34,38
-55.231186796384655,84.36555651109978,1,,,,33,30,39
163.45463790068044,254.56551569718965,1,,,,30
287.2462266181092,-83.59043039777649,1,,,,31,5,37
1.3144324324796297,-296.9971207256191,1,,,,32,36,38,77
-286.47070407515287,-86.12233004027935,1,,,,33,37,9
-165.69356038915396,253.09666953329935,1,,,,34
54.484879300226815,84.85517189906322,1,,,,41,44,50
95.74874220603638,-27.86347679925883,1,,,,40,42,51
0.43814414415987657,-98.99904024187303,1,,,,41,43,52
-95.49023469171762,-28.707443346759785,1,,,,42,44,53
-55.231186796384655,84.36555651109978,1,,,,43,40,54
54.484879300226815,84.85517189906322,1,,,,46,49,55
95.74874220603638,-27.86347679925883,1,,,,45,47,56
0.43814414415987657,-98.99904024187303,1,,,,46,48,57
-95.49023469171762,-28.707443346759785,1,,,,47,49,58
-55.231186796384655,84.36555651109978,1,,,,48,45,59
163.45463790068044,254.56551569718965,1,,,,40,9,51
287.2462266181092,-83.59043039777649,1,,,,41,50,52,82
1.3144324324796297,-296.9971207256191,1,,,,42,8,51
-286.47070407515287,-86.12233004027935,1,,,,43
-165.69356038915396,253.09666953329935,1,,,,44
163.45463790068044,254.56551569718965,1,,,,45,56,59,62
287.2462266181092,-83.59043039777649,1,,,,46,7,55
1.3144324324796297,-296.9971207256191,1,,,,47
-286.47070407515287,-86.12233004027935,1,,,,48
-165.69356038915396,253.09666953329935,1,,,,49,55,8
54.484879300226815,84.85517189906322,1,,,,61
95.74874220603638,-27.86347679925883,1,,,,60,62
0.43814414415987657,-98.99904024187303,1,,,,61,63,55
-95.49023469171762,-28.707443346759785,1,,,,62,64
-55.231186796384655,84.36555651109978,1,,,,63
54.484879300226815,84.85517189906322,1,,,,66
95.74874220603638,-27.86347679925883,1,,,,65,67
0.43814414415987657,-98.99904024187303,1,,,,66,68,19
-95.49023469171762,-28.707443346759785,1,,,,67,69
-55.231186796384655,84.36555651109978,1,,,,68
54.484879300226815,84.85517189906322,1,,,,71
95.74874220603638,-27.86347679925883,1,,,,70,72
0.43814414415987657,-98.99904024187303,1,,,,71,73,28
-95.49023469171762,-28.707443346759785,1,,,,72,74
-55.231186796384655,84.36555651109978,1,,,,73
54.484879300226815,84.85517189906322,1,,,,76
95.74874220603638,-27.86347679925883,1,,,,75,77
0.43814414415987657,-98.99904024187303,1,,,,76,78,37
-95.49023469171762,-28.707443346759785,1,,,,77,79
-55.231186796384655,84.36555651109978,1,,,,78
54.484879300226815,84.85517189906322,1,,,,81
95.74874220603638,-27.86347679925883,1,,,,80,82
0.43814414415987657,-98.99904024187303,1,,,,81,83,51
-95.49023469171762,-28.707443346759785,1,,,,82,84
-55.231186796384655,84.36555651109978,1,,,,83
0,1
1,2
2,3
3,4
4,0
0,5
1,6
2,7
3,8
4,9
10,11
11,12
12,13
13,14
14,10
10,15
11,16
12,17
13,18
14,19
7,18
6,15
19,15
18,19
20,21
21,22
22,23
23,24
24,20
20,25
21,26
22,27
23,28
24,29
27,6
28,27
29,28
5,29
30,31
31,32
32,33
33,34
34,30
30,35
31,36
32,37
33,38
34,39
36,5
37,36
38,37
9,38
40,41
41,42
42,43
43,44
44,40
45,46
46,47
47,48
48,49
49,45
40,50
41,51
42,52
43,53
44,54
50,9
51,50
8,52
52,51
45,55
46,56
47,57
48,58
49,59
56,7
55,56
59,55
8,59
60,61
61,62
62,63
63,64
62,55
65,66
66,67
67,68
68,69
19,67
70,71
71,72
72,73
73,74
28,72
75,76
76,77
77,78
78,79
37,77
80,81
81,82
82,83
83,84
82,51
0,0,3,0,0,1,2,3,4,5,6,7,8,9,Is Group
580,-760,1,0,10,11,12,13,14,15,16,17,18,19,Is Group
900,300,1,0,20,21,22,23,24,25,26,27,28,29,Is Group
0,980,1,0,30,31,32,33,34,35,36,37,38,39,Is Group
-880,280,1,0,40,41,42,43,44,50,51,52,53,54,Is Group
-560,-780,1,0,45,46,47,48,49,55,56,57,58,59,Is Group
-280.0000000000006,-380.0000000000022,1,-37.85694909723612,60,61,62,63,64,Is Group
300,-360,1,37.23348758797871,65,66,67,68,69,Is Group
420,140,1,111.48836710981405,70,71,72,73,74,Is Group
0,480,1,180,75,76,77,78,79,Is Group
-399.9999999999964,140,1,-106.88756429839394,80,81,82,83,84,Is Group